AA	AC	AG	AT	CA	CC	CG	CT	GA	GC	GG	GT	TA	TC	TG	TT
-7.6	-8.4	-7.8	-7.2	-8.5	-8	-10.6	-7.8	-8.2	-9.8	-8	-8.4	-7.2	-8.2	-8.5	-7.6
-21.3	-22.4	-21	-20.4	-22.7	-19.9	-27.2	-21	-22.2	-24.4	-19.9	-22.4	-21.3	-22.2	-22.7	-21.3
-1.43	-0.11	-0.92	0	1.31	-1.11	0	0.92	-0.33	0	1.11	0.11	0	0.33	-1.31	1.43
2.98	3.26	3.98	3.26	3.7	3.98	4.7	3.98	2.98	3.26	3.98	3.26	2.7	2.98	3.7	2.98
18.4	10.2	14.5	7.2	15.7	10.2	1.1	14.5	11.3	5.2	10.2	10.2	6.2	11.3	15.7	18.4
3.28	3.23	3.27	3.3	3.32	3.4	3.25	3.27	3.43	3.57	3.4	3.23	3.37	3.43	3.32	3.28
1.3815	2.5929	1.3204	2.4811	0.816	1.1959	1.4671	1.3204	1.1528	2.5578	1.1959	2.5929	0.913	1.1528	0.816	1.3815
2.9137	2.9739	2.7056	3.3095	2.2856	3.2154	2.0342	2.7056	2.5179	2.7084	3.2154	2.9739	2.2691	2.5179	2.2856	2.9137
0.038	0.038	0.037	0.036	0.025	0.042	0.026	0.037	0.038	0.036	0.042	0.038	0.018	0.038	0.025	0.038
0.0015	-0.0049	-0.0194	0.0241	0.004	-0.0653	-0.0516	-0.0194	-0.0262	-0.0478	-0.0653	-0.0049	0.0233	-0.0262	0.004	0.0015
0.0389	0.0411	0.0371	0.0404	0.0275	0.0414	0.0278	0.0371	0.0392	0.0396	0.0414	0.0411	0.0245	0.0392	0.0275	0.0389
0.026	0.036	0.031	0.033	0.016	0.026	0.014	0.031	0.025	0.025	0.026	0.036	0.017	0.025	0.016	0.026
