1
2
5
8
10
11
12
21
23
25
34
39
40
42
43
47
48
49
50
52
56
57
58
59
60
61
65
68
69
70
71
72
74
75
76
77
78
79
80
82
83
89
92
93
95
97
98
100
101
102
107
112
113
114
117
119
120
123
125
127
128
129
130
132
133
134
135
137
139
140
141
142
144
145
147
148
149
150
152
153
154
155
158
159
160
161
163
166
167
168
170
171
173
174
176
177
178
179
180
182
183
186
189
194
195
197
198
200
201
203
205
207
209
210
211
212
214
215
216
222
224
225
226
227
228
229
230
233
235
236
237
239
240
242
245
246
253
255
259
261
264
265
269
270
271
273
274
275
276
277
278
280
281
282
283
284
287
290
293
294
298
299
300
301
302
304
306
307
309
310
311
312
315
323
324
325
326
327
330
331
332
333
334
335
336
337
339
342
345
346
347
351
353
356
357
358
359
362
363
364
365
371
372
373
375
379
383
384
385
386
387
388
389
390
392
394
395
396
397
399
401
404
405
406
407
410
412
413
418
419
421
424
425
430
431
432
434
435
436
439
440
441
443
444
445
447
449
451
452
453
454
455
456
458
460
461
465
466
467
468
471
472
473
475
476
477
478
479
480
481
482
483
484
485
486
487
490
492
493
495
498
502
503
506
507
513
517
520
522
523
524
526
528
531
534
535
537
539
540
541
543
545
546
547
549
550
551
552
557
558
560
561
562
563
565
566
567
569
570
573
574
575
579
580
582
583
584
585
586
587
589
597
598
600
602
603
604
605
606
607
608
609
610
611
614
616
618
620
621
624
625
630
631
632
633
636
638
639
642
643
644
645
646
647
653
654
656
657
658
660
661
663
665
667
668
671
672
673
674
675
677
678
679
680
681
682
684
686
687
690
695
696
697
698
701
702
703
705
706
707
708
710
711
713
714
715
716
717
718
719
720
721
723
724
728
729
730
731
732
733
734
735
736
737
740
743
744
745
748
749
750
751
752
753
756
757
758
760
765
768
770
774
777
779
780
781
783
784
785
786
787
792
793
796
797
799
800
802
804
805
806
807
810
814
816
818
819
820
822
826
827
829
830
831
834
840
842
844
846
847
849
851
852
854
855
857
860
863
868
870
871
872
873
875
877
878
879
882
883
884
886
887
888
891
892
894
896
897
898
900
901
902
904
905
908
909
910
911
912
915
916
917
919
920
922
932
934
937
939
940
942
944
945
946
948
951
956
958
962
964
967
968
969
976
979
984
985
989
990
991
995
998
1001
1002
1009
1011
1014
1015
1016
1019
1023
1024
1030
1033
1034
1037
1038
1039
1042
1045
1054
1055
1057
1065
1073
1075
1081
1084
1091
1093
1094
1097
1101
1107
1112
1114
1121
1122
1133
1137
1138
1143
1146
1149
1151
1154
1160
1161
1165
1171
1173
1175
1176
1177
1179
1180
1182
1189
1190
1195
1201
1203
1207
1211
1214
1219
1220
1221
1225
1228
1231
1232
1233
1234
1237
1239
1243
1246
1248
1257
1259
1261
1263
1266
1267
1270
1276
1277
1280
1281
1286
1288
1290
1293
1294
1295
1296
1297
1299
1302
1303
1305
1314
1315
1316
1317
1319
1321
1322
1324
1326
1332
1335
1336
1338
1340
1344
1346
1348
1349
1350
1351
1352
1353
1356
1358
1363
1365
1366
1370
1371
1372
1375
1382
1385
1388
1390
1392
1393
