1
8
10
20
25
29
33
36
43
53
73
75
76
92
95
103
112
115
127
144
158
161
162
167
169
172
174
175
179
182
198
207
208
236
239
246
252
255
257
262
266
271
274
277
281
282
283
284
290
291
292
293
295
296
297
298
299
300
302
307
308
309
310
311
312
313
314
315
316
317
318
319
320
321
322
324
325
326
328
330
331
333
335
337
338
341
343
344
346
349
350
351
352
355
357
358
359
360
363
364
365
368
369
370
371
372
374
375
376
377
378
379
380
383
384
385
387
389
390
391
393
394
396
398
399
400
401
402
404
405
407
408
409
410
412
413
414
415
418
419
420
421
422
423
424
425
426
427
428
429
430
431
432
433
434
435
438
439
440
442
443
444
446
447
448
449
450
451
452
453
454
456
457
459
461
463
464
465
466
467
469
471
472
473
474
475
476
477
478
479
480
481
482
483
485
486
487
488
490
491
492
493
494
495
496
497
498
499
501
502
503
504
505
508
509
510
512
513
515
516
517
519
520
521
522
523
524
525
526
528
529
530
531
532
534
535
536
538
540
541
543
544
545
546
547
548
550
551
554
555
557
559
561
562
563
565
566
567
568
569
570
571
572
573
574
575
576
577
579
580
581
582
583
585
586
588
589
592
593
595
596
597
599
600
601
603
604
606
607
609
610
612
615
616
617
618
619
620
621
623
628
629
630
631
632
633
634
635
637
639
640
642
643
644
646
649
650
651
652
654
655
657
659
660
662
663
665
671
672
673
674
675
677
679
681
682
683
684
685
686
687
689
692
693
694
695
696
698
700
701
702
704
705
706
707
710
711
712
714
715
716
717
719
721
722
723
724
725
726
728
731
732
733
734
735
737
738
739
740
743
744
745
747
748
751
752
754
756
759
760
763
764
766
767
769
770
771
772
773
774
775
776
778
779
780
781
783
786
788
789
792
793
794
795
796
797
798
801
804
806
807
808
811
813
814
815
816
817
819
821
823
827
829
831
832
833
834
836
839
840
841
842
843
844
845
846
848
849
852
853
855
856
857
858
859
860
861
862
865
866
867
868
869
870
871
873
874
875
876
877
878
879
881
882
883
884
886
887
888
890
894
895
896
897
899
900
903
904
905
907
909
910
911
913
914
916
917
918
919
920
922
923
925
927
928
932
933
935
937
940
941
944
946
948
949
950
951
952
953
954
955
956
957
958
959
960
961
962
964
966
967
968
969
970
971
972
974
976
977
979
980
981
984
987
989
990
991
993
995
996
997
998
999
1000
1003
1005
1006
1007
1008
1010
1011
1012
1013
1014
1016
1017
1018
1019
1021
1022
1024
1026
1027
1028
1032
1034
1037
1039
1042
1043
1044
1046
1047
1048
1051
1052
1053
1054
1056
1057
1058
1059
1060
1062
1063
1065
1066
1067
1071
1072
1074
1076
1077
1078
1080
1081
1082
1083
1084
1085
1086
1087
1090
1091
1092
1093
1094
1095
1096
1097
1098
1099
1100
1101
1102
1103
1104
1105
1106
1108
1110
1111
1112
1113
1114
1115
1117
1119
1120
1121
1122
1123
1124
1126
1127
1128
1129
1130
1131
1136
1137
1138
1140
1141
1142
1143
1144
1146
1148
1150
1153
1154
1155
1157
1158
1159
1162
1163
1164
1165
1166
1167
1168
1169
1170
1171
1173
1174
1177
1182
1183
1185
1186
1188
1190
1191
1192
1193
1194
1195
1196
1197
1198
1203
1205
1207
1208
1209
1210
1211
1212
1213
1214
1215
1216
1217
1218
1219
1220
1221
1223
1224
1226
1229
1231
1233
1234
1235
1236
1237
1238
1239
1241
1242
1245
1246
1247
1248
1249
1250
1251
1252
1253
1255
1256
1257
1258
1260
1261
1262
1263
1264
1265
1266
1267
1268
1271
1272
1273
1274
1275
1277
1278
1279
1280
1281
1282
1283
1284
1285
1287
1288
1289
1290
1291
1292
1293
1294
1296
1297
1299
1301
1302
1303
1304
1307
1308
1311
1312
1313
1316
1317
1319
1321
1322
1323
1325
1326
1327
1331
1333
1334
1336
1337
1339
1340
1341
1343
1344
1345
1346
1347
1348
1349
1350
1351
1352
1354
1355
1356
1359
1360
1361
1362
1363
1364
1365
1368
1370
1371
1372
1374
1375
1380
1382
1384
1385
1386
1387
1388
1389
1390
1392
1393
1394
1395
1396
1398
1399
1400
1402
1404
1406
1407
1408
1409
1410
1411
1412
1414
1415
1418
1420
1421
1422
1423
1425
1426
1428
1430
1431
1432
1433
1434
1435
1437
1439
1442
1443
1444
1445
1446
1447
1448
1449
1450
1451
1452
1453
1454
1456
1457
1458
1459
1460
1461
1462
1463
1465
1469
1470
1471
1472
1473
1474
1475
1476
1477
1478
1479
1481
1482
1484
1485
1486
1488
1491
1493
1494
1495
1496
1497
1498
1499
1500
1501
1502
1505
1506
1507
1508
1510
1512
1514
1515
1516
1517
1518
1521
1522
1523
1524
1525
1526
1529
1531
1532
1533
1535
1539
1540
1541
1544
1545
1547
1550
1553
1554
1555
1556
1557
1559
1561
1563
1566
1568
1569
1570
1571
1572
1573
1576
1582
1583
1584
1585
1587
1588
1589
1592
1593
1594
1595
1598
1600
1602
1604
1608
1610
1613
1614
1615
1620
1621
1622
1624
1626
1630
1631
1633
1634
1641
1643
1644
1646
1652
1653
1656
1658
1659
1661
1662
1664
1665
1667
1668
1670
1672
1674
1675
1677
1681
1685
1688
1689
1691
1694
1698
1699
1701
1702
1703
1706
1708
1709
1710
1711
1714
1715
1716
1720
1724
1725
1726
1727
1730
1736
1740
1741
1743
1749
1750
1751
1754
1755
1759
1760
1763
1765
1768
1770
1772
1774
1779
1780
1783
1789
1791
1793
1801
1803
1804
1808
1810
1811
1812
1813
1814
1818
1819
1820
1822
1823
1824
1825
1829
1830
1832
1833
1834
1836
1837
1839
1840
1841
1842
1847
1848
1851
1854
1858
1862
1863
1865
1869
1870
1871
1873
1876
1878
1884
1886
1887
1889
1893
1897
1898
1899
1903
1904
1906
1909
1912
1914
1916
1917
1919
1920
1921
1922
1924
1926
1927
1928
1930
1931
1933
1935
1938
1939
1941
1944
1947
1950
1951
1953
1954
1956
1960
1961
1962
1964
1970
1972
1973
1976
1977
1980
1982
1986
1987
1988
1996
1997
1998
2000
2001
2002
2003
2005
2006
2012
2017
2019
2020
2021
2022
2023
2025
2029
2033
2034
2036
2037
2038
2039
2040
2042
2043
2046
2052
2053
2054
2055
2058
2059
2062
2063
2064
2066
2073
2077
2081
2083
2085
2086
2088
2097
2100
2101
2103
2104
2109
2111
2112
2113
2116
2117
2122
2124
2125
2129
2130
2131
2132
2134
2139
2140
2144
2145
2146
2148
2149
2151
2153
2155
2157
2168
2169
2170
2175
2177
2180
2181
2182
2183
2184
2187
2189
2194
2197
2201
2209
2210
2211
2214
2215
2218
2223
2224
2225
2229
2236
2237
2241
2242
2243
2244
2245
2251
2254
2258
2260
2262
2264
2267
2268
2269
2271
2272
2275
2276
2279
2280
2283
2287
2288
2289
2290
2291
2292
2293
2294
2295
2296
2297
2298
2300
2301
2302
2304
2305
2306
2307
2309
2312
2313
2315
2316
2317
2318
2319
2320
2321
2322
2323
2325
2326
2327
2328
2329
2330
2332
2333
2334
2336
2337
2338
2339
2342
2343
2344
2345
2346
2347
2348
2349
2350
2351
2352
2353
2354
2355
2356
2357
2359
2361
2362
2363
2364
2365
2366
2367
2368
2369
2371
2372
2373
2374
2375
2376
2377
2378
2379
2380
2381
2382
2383
2387
2389
2390
2391
2392
2393
2395
2396
2397
2398
2400
2401
2402
2403
2406
2408
2413
2416
2417
2418
2419
2420
2421
2422
2423
2424
