1
8
25
36
53
73
75
158
162
169
236
257
262
271
274
283
284
290
291
293
298
299
300
302
307
308
312
315
316
317
318
319
321
322
324
325
326
328
330
333
335
346
351
352
357
359
360
364
365
368
374
379
380
383
387
390
391
396
399
401
402
404
405
408
409
410
412
414
418
419
420
421
423
424
426
427
428
429
431
432
433
434
439
440
442
443
446
449
450
451
453
454
457
459
463
464
465
466
467
471
472
475
478
483
485
487
488
491
492
494
496
498
501
502
503
504
508
509
510
519
521
522
523
524
525
526
528
531
534
535
536
540
541
544
547
548
561
563
568
570
573
574
579
580
581
583
585
586
588
589
592
595
596
597
599
600
604
609
615
616
620
621
623
628
629
631
633
634
637
639
640
642
646
659
660
662
663
665
673
674
675
677
679
681
682
683
685
689
694
695
696
702
705
710
711
712
714
717
719
721
722
731
732
733
735
740
747
748
751
752
754
756
759
760
764
767
769
770
771
773
775
779
780
781
783
789
793
794
801
804
807
813
814
821
823
827
831
832
833
839
840
841
843
844
845
848
852
855
856
857
858
859
860
862
866
867
871
873
874
875
878
879
881
883
884
886
887
888
890
894
895
896
897
899
900
903
907
910
911
914
918
923
925
932
933
946
951
954
956
957
958
960
962
967
970
971
974
977
979
980
984
989
990
991
995
996
997
998
1006
1007
1010
1011
1012
1013
1016
1017
1018
1021
1022
1027
1028
1032
1042
1043
1046
1047
1048
1051
1052
1053
1056
1066
1067
1072
1076
1077
1078
1080
1081
1082
1083
1084
1085
1086
1091
1093
1095
1097
1098
1101
1102
1108
1110
1111
1112
1115
1119
1120
1123
1124
1126
1127
1128
1129
1140
1141
1143
1144
1146
1150
1153
1155
1158
1162
1163
1166
1167
1168
1169
1170
1173
1174
1177
1182
1183
1185
1188
1191
1192
1195
1205
1207
1208
1209
1212
1213
1214
1216
1217
1218
1219
1221
1223
1226
1229
1231
1233
1234
1235
1236
1237
1238
1241
1242
1248
1249
1250
1251
1252
1253
1255
1256
1257
1258
1262
1265
1266
1267
1272
1273
1274
1275
1277
1278
1281
1282
1283
1285
1291
1294
1297
1303
1308
1312
1313
1316
1319
1321
1322
1323
1325
1334
1336
1340
1341
1344
1345
1347
1349
1350
1351
1352
1356
1362
1364
1368
1370
1371
1374
1384
1385
1387
1388
1389
1393
1400
1404
1407
1409
1410
1412
1415
1418
1421
1422
1425
1430
1433
1442
1444
1445
1446
1447
1449
1451
1452
1453
1457
1458
1459
1461
1462
1463
1470
1471
1473
1475
1476
1477
1479
1481
1482
1485
1486
1493
1494
1495
1496
1497
1500
1501
1502
1506
1507
1510
1524
1526
1532
1535
1539
1541
1545
1547
1550
1554
1557
1568
1570
1576
1583
1587
1588
1589
1602
1610
1621
1622
1631
1633
1634
1646
1656
1661
1662
1674
1677
1688
1689
1691
1699
1706
1708
1716
1725
1726
1736
1740
1741
1750
1755
1779
1780
1789
1811
1823
1825
1836
1840
1858
1863
1865
1871
1884
1898
1909
1914
1924
1926
1947
1954
1956
1970
1976
1982
1987
1997
2005
2006
2020
2033
2036
2038
2039
2040
2043
2046
2053
2064
2066
2085
2103
2109
2116
2125
2131
2144
2145
2146
2153
2168
2175
2177
2180
2181
2184
2189
2209
2214
2218
2243
2245
2254
2260
2267
2268
2272
2287
2288
2291
2292
2297
2300
2302
2306
2307
2309
2312
2313
2316
2319
2320
2322
2333
2334
2336
2337
2339
2343
2344
2346
2348
2354
2357
2359
2362
2364
2368
2371
2373
2374
2375
2376
2377
2378
2381
2383
2392
2395
2396
2401
2402
2403
2406
2413
2416
2419
2421
2423
2424
