GAGA	8	0.742	0.058	1.117	0.025	0.24	0.391	0.246	0.288
TACA	8	0.44	-0.185	1.078	-0.473	0.645	0.351	0.377	0.139
CTGG	8	0.417	-0.227	0.427	1.309	0.656	0.222	0.218	0.355
CTAC	8	-0.062	-0.377	-0.119	0.684	0.93	0.564	0.275	0.429
AGAT	8	-0.196	1.129	-0.001	0.489	0.313	0.286	0.338	0.178
GATA	8	0.73	0.151	0.801	-0.547	0.526	0.528	0.338	0.282
TCAG	8	0.565	0.392	-0.432	1.37	0.646	0.465	0.285	0.502
ATTT	10	-0.176	0.396	-0.544	-0.977	0.601	0.818	0.564	0.427
TAGC	8	0.176	-0.577	1.025	0.791	0.798	0.255	0.391	0.648
GACT	8	0.837	0.143	0.536	-0.371	0.314	0.368	0.49	0.157
CCAG	8	0.264	0.169	-0.407	1.777	0.485	0.471	0.438	0.348
ATCC	8	0.341	0.78	0.042	-0.147	0.506	0.623	0.348	0.267
TCGC	8	0.235	-0.12	0.712	1.229	0.574	0.204	0.147	0.378
GTCC	8	0.964	0.752	0.399	0.057	0.993	0.514	0.273	0.359
TACC	8	0.856	-0.115	0.814	0.093	1.292	0.358	0.428	0.178
GTCG	8	0.786	0.611	0.044	0.583	0.348	0.708	0.366	0.641
GCGA	8	1.053	1.233	0.823	0.802	0.387	0.428	0.146	0.286
TATT	8	0.599	-0.366	0.564	-0.11	0.883	0.265	0.321	0.181
ATCA	8	-0.302	0.475	0.122	-0.491	0.699	1.349	0.796	0.452
AGTA	8	-0.167	0.924	0.601	-0.349	0.417	0.554	0.746	0.222
GACA	8	0.258	0.116	0.979	-0.421	0.235	0.415	0.376	0.618
CAGA	8	0.7	-0.645	1.557	0.263	0.464	0.269	0.185	0.231
GGGT	8	0.163	0.792	0.93	0.179	0.439	0.28	0.27	0.436
TCGT	8	0.444	0.175	0.703	1.713	0.496	0.558	0.36	0.252
CGGT	8	0.574	0.594	1.912	1.119	0.888	0.351	0.566	0.431
CGTT	8	0.348	1.09	2.109	0.676	0.734	0.345	0.784	0.362
CGTG	8	0.516	0.696	1.746	0.821	0.773	0.22	0.461	0.463
AGGT	8	-0.185	1.115	1.282	0.355	0.344	0.69	0.608	0.301
CTTC	8	0.684	0.328	0.447	0.365	0.57	0.344	0.245	0.362
TCCT	8	0.675	0.185	-0.06	0.269	0.504	0.351	0.211	0.474
TGTG	8	0.656	0.724	0.941	0.871	0.78	0.193	0.217	0.495
TAAG	8	0.859	-0.216	0.106	0.717	0.715	0.223	0.232	0.308
TCGG	8	-0.028	-0.132	0.135	1.318	0.321	0.46	0.354	0.43
CCTG	8	0.456	0.027	-0.061	0.745	0.575	0.18	0.231	0.24
TTCG	8	0.129	-0.073	-0.273	0.49	0.494	0.358	0.296	0.203
AACT	8	-0.013	0.158	-0.093	-0.934	0.39	0.516	0.445	0.278
GTTG	10	1.156	1.354	-0.116	0.41	0.616	0.954	0.414	0.336
CCCT	10	0.387	-0.194	0.088	0.309	0.609	0.302	0.308	0.517
TCGA	8	0.594	0.126	0.779	0.637	0.605	0.571	0.42	0.462
ACCG	8	0.048	0.705	0.008	0.582	0.571	0.279	0.337	0.218
TGAA	8	0.162	0.563	0.06	-0.045	0.876	0.602	0.457	0.2
CGAA	8	0.336	0.542	0.543	0.25	0.346	0.468	0.345	0.235
ATAC	8	-0.212	0.916	-0.52	0.516	0.762	0.761	0.246	0.319
TCCG	8	0.363	0.257	0.05	0.846	0.979	0.266	0.274	0.395
CTGT	8	0.651	0.005	1.041	1.263	0.953	0.293	0.252	0.397
TAAA	8	0.092	-0.358	-0.068	-0.318	0.973	0.709	0.475	0.325
GGCT	8	0.557	1.023	1.143	0.088	0.167	0.248	0.307	0.123
GTCA	8	1.375	1.015	0.687	-0.061	0.611	0.582	0.23	0.208
GTAA	8	0.681	0.675	-0.313	0.222	0.629	0.733	0.159	0.249
TAGA	10	0.55	-0.413	0.98	0.109	0.557	0.434	0.351	0.296
ATGC	8	-0.152	0.721	0.316	0.809	0.714	1.13	0.509	0.316
GCTG	8	0.912	1.295	-0.144	0.861	0.444	0.438	0.307	0.442
TAAC	8	0.179	-0.393	0.204	0.561	1.078	0.333	0.306	0.343
GGTG	8	0.616	1.576	0.739	0.444	0.395	0.561	0.517	0.676
TTGG	8	0.354	-0.187	0.064	1.082	0.468	0.409	0.316	0.295
TGGT	8	0.264	0.162	1.41	0.602	0.621	0.184	0.288	0.396
GGGA	8	0.676	0.727	0.8	-0.024	0.613	0.232	0.331	0.385
GGCG	8	0.153	1.085	1.021	0.476	0.417	0.542	0.485	0.556
TATC	8	0.504	-0.348	0.843	0.158	0.599	0.319	0.611	0.459
GGCC	8	0.567	0.84	0.634	-0.352	0.17	0.715	0.379	0.337
ACGA	8	-0.226	0.633	0.521	0.44	0.336	0.499	0.501	0.373
ACGG	8	-0.383	0.811	0.518	1.086	0.494	0.325	0.259	0.304
GAAA	8	0.649	0.204	0.046	-0.685	0.487	0.329	0.363	0.265
TGTT	8	0.18	0.829	1.267	0.016	0.562	0.325	0.506	0.328
TACT	8	0.258	-0.359	0.523	0.042	0.825	0.339	0.531	0.232
TCTT	8	0.072	-0.268	0.052	0.462	0.604	0.565	0.429	0.266
TTGA	8	-0.517	-0.773	0.365	-0.035	0.621	0.585	0.313	0.209
GCCT	8	0.81	0.992	-0.014	0.118	0.55	0.407	0.363	0.663
TTAC	8	-0.32	-0.328	-0.416	0.644	0.75	0.553	0.267	0.469
GGAA	8	0.566	1.044	0.155	-0.081	0.266	0.257	0.323	0.335
TCTC	8	0.37	-0.005	-0.108	0.426	0.598	0.409	0.335	0.31
ATAT	8	-0.197	0.882	-0.515	0.306	0.539	0.531	0.399	0.267
CGCC	8	0.613	0.412	0.977	-0.036	0.676	0.28	0.56	0.366
ATTC	8	0.291	0.836	-0.054	-0.441	0.623	0.603	0.624	0.23
GTAG	8	0.871	1.005	-0.287	1.119	0.592	0.617	0.191	0.177
CAAA	8	0.061	-0.418	0.359	-0.018	0.995	0.564	0.411	0.16
ACAC	8	0.083	1.133	-0.362	1.315	0.51	0.48	0.258	0.164
GTAT	8	0.716	0.944	-0.262	0.941	0.295	0.634	0.427	0.386
TATA	8	0.813	-0.06	0.974	-0.461	0.576	0.683	0.769	0.348
GATC	8	1.031	0.298	0.51	-0.111	0.34	0.445	0.216	0.343
ATCT	8	-0.016	0.633	-0.287	-0.416	0.485	0.332	0.393	0.332
CGAG	8	0.63	0.731	0.494	1.177	0.676	0.396	0.388	0.284
TAGT	10	0.496	-0.36	1.113	0.785	0.326	0.439	0.348	0.205
GGGC	10	0.344	0.778	0.741	0.798	0.298	0.37	0.484	0.437
TCCC	8	-0.043	-0.104	-0.332	0.089	0.416	0.288	0.273	0.311
CTCA	8	0.14	-0.287	0.485	-0.214	0.413	0.555	0.328	0.347
GTAC	8	0.771	0.96	-0.169	1.14	0.629	0.867	0.462	0.429
AAGG	8	-0.385	-0.239	0.275	0.389	0.287	0.329	0.473	0.342
CGGA	8	0.161	0.262	1.028	0.252	0.418	0.351	0.191	0.314
ACAA	8	-0.52	0.673	-0.666	0.192	0.663	1.046	0.423	0.39
GAGG	8	0.575	0.132	0.757	1.09	0.372	0.301	0.266	0.486
GGTC	8	0.97	1.429	0.417	0.146	0.783	0.663	0.658	0.519
GTTT	8	0.987	1.166	-0.092	-0.289	0.39	0.571	0.414	0.282
CCCG	8	0.434	-0.037	0.083	0.896	0.824	0.338	0.292	0.464
CCAA	8	-0.293	-0.114	-0.141	0.693	0.607	0.446	0.184	0.331
GAGC	8	0.936	-0.005	0.902	0.4	0.536	0.342	0.439	0.326
TCTG	8	0.213	0.119	-0.136	1.023	0.327	0.471	0.438	0.462
CCCA	8	-0.238	-0.33	0.482	0.125	0.404	0.581	0.274	0.213
ACGT	8	-0.195	0.603	0.731	1.349	0.453	0.311	0.612	0.494
AGCA	8	-0.17	1.123	0.635	-0.572	0.342	0.5	0.67	0.209
CTTA	8	0.275	-0.11	0.456	-0.192	0.423	0.672	0.512	0.25
GGGG	8	0.056	0.722	0.646	0.656	0.743	0.463	0.364	0.24
AAGC	8	0.14	0.246	0.619	0.288	0.388	0.226	0.203	0.459
AGCC	8	0.127	1.337	0.416	0.01	0.406	0.553	0.518	0.359
CCGA	8	0.632	0.078	0.863	0.621	0.287	0.169	0.464	0.401
TTTC	8	0.611	-0.252	-0.366	-0.582	0.86	0.585	0.368	0.39
CCGT	8	0.51	0.089	1.117	2.249	0.667	0.319	0.317	0.303
CATA	8	0.223	-0.703	1.251	-0.218	0.386	0.24	0.419	0.163
CGCT	8	0.192	0.354	1.498	0.031	0.505	0.163	0.293	0.295
GTTA	8	0.95	0.701	0.067	-0.413	0.274	0.971	0.561	0.223
AGTG	8	-0.458	0.903	0.525	0.501	0.346	0.708	0.53	0.353
CTCG	8	0.437	0.179	0.506	0.889	0.391	0.31	0.373	0.282
AATT	8	-0.088	-0.018	-0.044	-0.867	0.498	0.236	0.409	0.205
CGAC	8	0.518	0.694	0.582	0.972	0.917	0.409	0.421	0.282
AGCG	8	-0.243	0.949	0.747	0.492	0.39	0.514	0.539	0.447
TTCA	8	0.825	0.295	0.172	-0.372	1.061	0.758	0.667	0.331
TGCA	8	0.384	0.499	1.396	-0.129	1.227	0.722	0.725	0.804
CCCC	8	0.271	-0.268	-0.117	0.076	0.666	0.349	0.331	0.411
GGAG	10	0.468	0.797	-0.106	0.803	0.418	0.297	0.315	0.308
GTGA	8	0.932	0.835	0.896	0.508	0.875	0.751	0.416	0.188
AGGC	8	-0.518	0.6	0.699	0.802	0.512	0.306	0.333	0.359
TCTA	10	0.574	0.103	-0.124	-0.225	0.656	0.672	0.59	0.368
ATTA	8	-0.131	0.344	-0.235	-0.696	0.274	0.604	0.545	0.303
CAGG	8	0.512	-0.764	1.329	0.987	1.082	0.358	0.548	0.457
AGAA	10	-0.382	1.096	0.02	-0.2	0.447	0.474	0.548	0.458
AATC	8	0.009	0.025	-0.17	-0.693	0.53	0.9	0.897	0.37
GTGC	8	1.363	1.291	1.053	1.528	0.54	0.616	0.395	0.267
CTCT	8	0.311	-0.062	0.475	0.33	0.7	0.364	0.37	0.273
GCAA	8	0.827	1.265	-0.138	0.342	0.521	0.483	0.747	0.293
AGAG	8	-0.12	0.893	-0.012	0.906	0.512	0.396	0.306	0.405
AATA	8	-0.569	-0.519	0.01	-0.96	0.48	0.74	0.756	0.376
ACTA	10	-0.278	0.263	-0.41	-0.264	0.276	0.774	0.611	0.329
ATGT	8	-0.022	1.006	0.6	0.764	0.523	0.694	0.337	0.325
AGGG	10	-0.383	0.655	0.69	0.597	0.586	0.477	0.26	0.457
AGAC	8	-0.278	1.094	-0.016	0.639	0.461	0.523	0.163	0.334
TGGG	8	0.143	-0.148	0.748	0.921	0.305	0.352	0.346	0.328
GGCA	8	0.7	1.07	1.013	-0.534	0.536	0.4	0.233	0.208
CATC	8	0.958	-0.075	1.232	0.295	0.608	0.11	0.409	0.324
CCTA	8	0.169	0.001	0.594	0.281	0.308	0.361	0.566	0.289
TCAA	8	0.691	0.734	-0.002	0.621	0.73	0.24	0.278	0.175
CACC	8	0.623	-0.286	0.946	-0.02	0.527	0.404	0.413	0.618
CTGC	8	0.884	0.03	1.126	1.585	0.551	0.4	0.221	0.229
GCTT	8	0.762	1.077	0.086	0.421	0.345	0.452	0.293	0.263
CTAT	8	0.458	0.154	0.02	1.346	0.701	0.578	0.445	0.489
CTTT	8	0.125	0.009	0.421	0.171	1.001	0.385	0.266	0.199
TAGG	8	0.211	-0.805	0.573	0.922	1.019	0.483	0.271	0.365
ATCG	8	-0.123	0.527	-0.228	0.368	0.367	0.473	0.425	0.246
CGGC	8	0.691	0.229	1.414	1.128	0.605	0.44	0.236	0.195
GTCT	8	1.089	0.866	0.285	0.222	0.365	0.61	0.355	0.393
AACA	8	-0.243	-0.106	0.371	-0.904	0.547	0.876	0.864	0.289
CACT	8	0.771	-0.177	1.079	0.083	0.555	0.307	0.374	0.562
GCAC	8	0.436	0.669	-0.679	0.998	0.661	0.634	0.221	0.32
TGAG	8	0.214	0.563	0.206	0.95	0.861	0.38	0.318	0.288
AACG	8	-0.267	0.134	0.506	0.114	0.69	0.292	0.209	0.248
GCCC	10	0.818	0.534	-0.193	0.118	0.514	0.666	0.409	0.471
TCAT	8	0.709	0.502	-0.24	1.468	0.635	0.354	0.336	0.522
GCGG	8	0.573	0.867	-0.117	1.493	0.363	0.714	0.402	0.559
TAAT	8	0.205	-0.358	-0.03	0.399	0.446	0.398	0.353	0.342
AAAT	10	-0.068	-0.127	-0.767	-0.884	0.392	0.594	0.661	0.451
AGGA	8	-0.709	0.4	0.613	-0.25	0.562	0.561	0.468	0.266
TGCT	8	0.782	1.002	1.453	0.225	0.404	0.312	0.25	0.225
TGGA	8	0.204	0.174	0.97	0.117	0.996	0.396	0.339	0.295
CGCG	12	0.315	0.601	1.447	0.487	0.374	0.474	0.284	0.54
GCCG	8	0.978	0.742	-0.17	0.913	0.864	0.432	0.38	0.536
GAAC	8	0.588	0.244	0.07	0.302	0.714	0.456	0.146	0.316
AAAA	8	-0.215	-0.095	-0.536	-1.126	0.65	0.352	0.443	0.49
CCTC	8	0.386	-0.202	0.107	0.597	0.809	0.449	0.443	0.447
ATAG	8	-0.158	0.713	-0.588	0.899	0.332	0.402	0.333	0.317
CAGT	8	0.686	-0.33	1.859	1.245	0.413	0.213	0.289	0.238
TTTA	8	0.073	-0.342	-0.426	-0.849	0.666	0.659	0.593	0.421
GGAT	8	0.294	0.996	0.038	0.386	0.408	0.294	0.45	0.259
AAGA	8	-0.058	-0.108	0.639	-0.397	0.426	0.338	0.281	0.305
TTGT	8	0.777	0.07	0.596	0.996	0.671	0.345	0.102	0.351
CCGC	8	0.326	-0.11	0.672	1.462	0.405	0.285	0.386	0.598
GAAT	8	1.064	0.264	-0.068	0.098	0.27	0.458	0.382	0.322
CCAT	8	0.573	0.188	-0.236	1.755	0.691	0.263	0.36	0.454
TGCG	8	0.204	0.898	1.363	0.627	0.603	0.318	0.477	0.331
TGTA	8	0.574	0.633	1.065	-0.258	0.208	0.395	0.534	0.137
CTCC	10	0.437	-0.394	0.207	-0.062	0.942	0.366	0.347	0.311
GTTC	8	1.314	1.254	0.247	0.071	0.589	0.919	0.598	0.407
AGCT	8	-0.308	0.712	0.588	-0.215	0.457	0.26	0.232	0.267
AAAG	8	-0.021	0.07	-0.324	0.162	0.388	0.149	0.376	0.347
CATG	8	0.768	-0.155	1.373	0.724	0.462	0.368	0.719	0.468
CACA	8	0.137	-0.511	1.4	-0.134	0.842	0.405	0.362	0.12
TTAG	8	0.276	-0.137	-0.8	0.627	1.106	0.683	0.489	0.425
CAAG	8	0.829	-0.411	0.26	0.734	0.673	0.3	0.29	0.313
AATG	10	0.057	-0.281	0.11	-0.024	0.577	0.569	0.913	0.43
CGGG	8	0.034	0.037	1.027	1.054	0.631	0.487	0.309	0.303
TGCC	8	0.598	0.713	1.182	-0.118	1.036	0.319	0.175	0.16
GCTA	8	0.635	1.162	0.134	0.083	0.348	0.456	0.265	0.174
TCAC	8	-0.466	-0.161	-0.465	1.009	1.259	0.768	0.414	0.418
CTTG	8	0.299	-0.171	0.108	0.62	0.695	0.384	0.387	0.132
TTAA	12	0.305	0.056	-0.514	-0.013	0.713	0.71	0.384	0.233
TGAT	8	-0.196	0.826	0.443	0.774	0.904	0.548	0.392	0.259
GACG	10	0.468	0.131	0.622	0.459	0.309	0.205	0.314	0.34
CGTC	10	0.841	0.781	1.411	0.536	0.442	0.731	0.708	0.289
ACTT	8	-0.007	0.558	-0.175	0.103	0.492	0.547	0.655	0.326
GCCA	8	0.664	0.773	-0.096	-0.407	0.298	0.654	0.301	0.35
CACG	8	0.383	-0.56	1.152	0.552	0.915	0.319	0.222	0.426
TTTG	8	0.507	-0.105	-0.404	0.315	1.004	0.844	0.702	0.377
GAGT	8	0.675	0.329	1.072	0.69	0.23	0.548	0.332	0.568
GCAG	8	0.938	1.318	-0.477	1.721	0.566	0.637	0.24	0.428
TTTT	8	0.111	-0.212	-0.648	-0.809	0.626	0.523	0.551	0.392
GTGT	8	0.747	0.957	0.65	1.232	0.38	0.507	0.149	0.338
GATT	8	1.138	0.557	0.52	-0.381	0.217	0.53	0.327	0.282
TTCC	8	0.967	0.222	-0.058	-0.024	0.728	0.485	0.265	0.284
CGCA	8	0.32	0.542	1.351	-0.392	0.622	0.33	0.431	0.189
AAAC	8	-0.379	-0.158	-0.668	-0.445	0.696	0.795	0.613	0.499
TTGC	8	0.504	-0.073	0.617	1.471	0.764	0.331	0.166	0.467
ACAT	8	-0.096	1.117	-0.224	0.937	0.487	0.456	0.494	0.268
CGAT	8	0.586	1.019	0.881	0.829	0.554	0.258	0.344	0.272
ACCA	8	-0.305	0.457	-0.008	-0.31	0.406	0.667	0.492	0.355
ACTC	8	0.302	0.423	-0.508	0.071	0.393	0.371	0.439	0.195
ATAA	8	-0.563	0.526	-0.562	-0.314	0.886	1.137	0.6	0.422
AACC	10	-0.155	-0.088	0.077	-0.576	0.546	0.63	0.581	0.291
ACTG	8	-0.226	0.652	-0.2	0.687	0.299	0.723	0.37	0.391
ATGG	8	-0.378	0.559	0.067	0.815	0.442	0.41	0.382	0.429
GGAC	8	0.222	0.574	-0.001	0.519	0.551	0.42	0.327	0.397
TGTC	8	0.627	0.701	0.983	0.391	0.912	0.214	0.166	0.289
GAAG	8	1.134	0.272	0.051	0.535	0.316	0.432	0.243	0.286
CAAT	10	0.714	-0.113	0.425	0.659	0.572	0.657	0.35	0.396
CCGG	8	0.2	-0.086	0.585	1.485	0.336	0.461	0.364	0.63
TGGC	8	0.402	0.412	1.21	1.168	0.573	0.297	0.4	0.399
AGTT	8	0.081	1.358	0.801	-0.313	0.348	0.508	0.786	0.382
CATT	10	0.916	-0.218	1.329	0.308	0.511	0.317	0.475	0.392
ATGA	8	-0.263	0.177	0.527	-0.006	0.436	0.591	0.614	0.341
ACCT	8	0.072	0.681	-0.216	-0.059	0.447	0.442	0.481	0.331
CCAC	8	0.608	0.273	-0.027	1.255	0.675	0.356	0.311	0.468
CGTA	8	0.526	0.415	1.553	0.101	0.543	0.353	0.449	0.325
TGAC	8	-0.288	0.558	0.207	0.683	0.664	0.385	0.138	0.502
ACGC	8	-0.04	0.82	0.337	1.208	0.46	0.34	0.292	0.487
GACC	8	1.266	0.382	0.679	0.125	0.354	0.426	0.302	0.266
ATTG	10	-0.343	0.326	-0.529	0.181	0.459	0.605	0.583	0.453
GATG	8	1.071	0.355	0.647	0.362	0.193	0.564	0.26	0.384
GTGG	8	0.856	0.868	0.041	1.133	0.171	0.657	0.416	0.471
GCAT	8	1.034	1.143	-0.331	1.121	0.398	0.549	0.249	0.327
GCTC	8	0.781	1.149	0.052	0.591	0.329	0.515	0.197	0.221
CTAA	8	0.125	-0.013	0.008	0.273	0.587	0.839	0.303	0.142
TTAT	8	0.162	0.094	-0.531	0.417	0.288	0.321	0.28	0.272
AAGT	8	0.017	0.196	0.615	-0.194	0.275	0.295	0.434	0.285
TTCT	10	0.163	-0.215	-0.557	-0.383	0.745	0.479	0.59	0.22
CTGA	8	0.141	-0.348	0.721	0.449	0.385	0.279	0.431	0.294
TACG	8	-0.382	-0.566	0.57	0.835	0.432	0.209	0.337	0.535
CTAG	8	0.557	0.037	-0.229	1.22	0.541	0.547	0.467	0.379
GGTA	8	0.51	1.068	0.365	-0.524	0.263	0.61	0.397	0.242
TCCA	8	0.321	0.25	0.138	-0.22	0.698	0.426	0.291	0.25
GCGT	8	1.129	1.431	0.74	1.809	0.382	0.217	0.26	0.688
CCTT	8	0.668	0.016	0.093	0.445	0.514	0.379	0.529	0.541
GGTT	10	0.518	1.365	0.653	-0.208	0.48	0.372	0.441	0.181
AGTC	8	0.365	1.453	0.625	0.327	0.53	0.314	0.504	0.28
ACCC	8	0.051	0.625	-0.144	0.235	0.668	0.818	0.559	0.214
CAGC	8	0.885	-0.257	1.576	0.908	0.474	0.335	0.435	0.286
GCGC	8	0.624	0.9	0.442	1.522	0.616	0.274	0.364	0.231
ACAG	8	-0.152	0.904	-0.679	1.452	0.548	0.319	0.424	0.274
TATG	8	0.158	-0.514	0.629	0.61	0.331	0.292	0.374	0.277
CAAC	10	0.862	-0.169	0.678	0.598	0.515	0.338	0.232	0.453
